N2 =  [0.667,0.166; 0.166,0.167];
gamma1 = [2.664;1.524];
N2*gamma1